Oil:
2000 0.00255990028381 0.102900028229
4000 0.0052809715271 0.406959056854
6000 0.00799798965454 0.90962600708
8000 0.0110309123993 1.6366019249
8026 0.0110528469086 1.63573408127
--------------------------
CO2:
2000 0.00244784355164 0.101983070374
4000 0.00513100624084 0.408190011978
6000 0.00794291496277 0.918892145157
8000 0.0110838413239 1.62587308884
10000 0.0143139362335 2.54542803764
--------------------------
wether:
10000 0.0148777961731 1.55578780174
20000 0.0313999652863 6.22870707512
30000 0.0497460365295 14.1358067989
40000 0.067764043808 25.5726010799
45253 0.0752160549164 32.391242981
--------------------------
DoT:
100000 0.230877876282
200000 0.653746843338
300000 1.25464701653
400000 1.99994111061
457892 2.64672613144
--------------------------
stock:
100 0.000186920166016 0.000236988067627
1000 0.00127601623535 0.0169689655304
10000 0.0154571533203 1.65135097504
100000 0.209408998489
1000000 5.31714177132
10000000 554.462080002
--------------------------
DoT Baseline:
100000 98.9235310555
200000 399.660157919
300000 890.40625596
400000 1593.57874799
457892 2134.22393608
--------------------------
