weather: Baseline budget=N
0.040672 0.03680464
0.020642 0.01518866
0.01013575 0.0065464725
0.004559375 0.00327748503906
0.00318566666667 0.00219854558642
0.0023004375 0.0016204552124
0.0018733 0.001153598701
0.000456893125 0.000295142980508
-----------
weather: Baseline budget = N log N
0.0175107438017 0.03498592
0.00573581267218 0.01615651
0.0021600459708 0.00665067125
0.000849875400498 0.00335733101563
0.000573945864854 0.00202141723765
0.000355631800804 0.00155217351563
0.000263863360067 0.001191857416
5.47867938085e-05 0.00029080349532