CO2:
0.0071777654321,0.000561171659808
0.00781648971193,0.00129859039781
0.00562906447188,0.0015684944292
0.00415503840878,0.00123452257888
0.00269599588477,0.000791197241274
--------------------------
weather:
0.00287466803841,0.000592026470452,0.00148183108977
0.0066866776406,0.00139111892678,0.00445364521262
0.00819308916324,0.00166089438043,0.00550933871971
0.00685697256516,0.00139265743754,0.00442316584057
0.00288892592593,0.000589293098612,0.00156073327846
0.000647625514403,0.000131799621671,0.000253583069654