CO2 vary window
19127,10,0.0670001506805,0.0629999637604
19127,100,0.588000059128,0.550999879837
19127,1000,5.2619998455,1.33599996567
19127,5000,29.2920000553,1.64899992943
--------------------------
wether vary window:
20000,10,0.0379998683929,0.0369999408722
20000,100,0.289999961853,0.289999961853
20000,1000,3.00099992752,1.39300012589
20000,5000,16.0099999905,1.50999999046
--------------------------
CO2 vary n
5000,1000,1.35299992561,0.346999883652
10000,1000,2.72499990463,0.700000047684
15000,1000,4.0640001297,1.03799986839
19127,1000,5.55999994278,1.55999994278
--------------------------
wether vary n:
10000,1000,1.60100007057,0.692999839783
20000,1000,2.75100016594,1.40299987793
30000,1000,5.26423508593,1.75274625346
40000,1000,8.10062336427,2.39357269944